_NET_WM_USER_TIME(CARDINAL) = 14075351
_NET_WM_OPAQUE_REGION(CARDINAL) = 14, 39, 218, 4
_GTK_THEME_VARIANT(UTF8_STRING) = "dark"
_NET_WM_VISIBLE_ICON_NAME(UTF8_STRING) = "me@?"
_NET_WM_VISIBLE_NAME(UTF8_STRING) = "me@heart:~/projects/bbox"
_NET_WM_ALLOWED_ACTIONS(ATOM) = _NET_WM_ACTION_MOVE, _NET_WM_ACTION_MINIMIZE, _NET_WM_ACTION_STICK, _NET_WM_ACTION_CHANGE_DESKTOP, _NET_WM_ACTION_CLOSE, _NET_WM_ACTION_ABOVE, _NET_WM_ACTION_BELOW, _NET_WM_ACTION_RESIZE, _NET_WM_ACTION_MAXIMIZE_HORZ, _NET_WM_ACTION_MAXIMIZE_VERT, _NET_WM_ACTION_FULLSCREEN
_NET_WM_STATE(ATOM) = _NET_WM_STATE_FOCUSED
WM_STATE(WM_STATE):
		window state: Normal
		icon window: 0x0
WM_HINTS(WM_HINTS):
		Client accepts input or input focus: True
		Initial state is Normal State.
		bitmap id # to use for icon: 0x60000a
		bitmap id # of mask for icon: 0x600015
		window id # of group leader: 0x600002
_NET_WM_ICON(CARDINAL) = 	Icon (48 x 48):
	[48;2;0;0;0;38;2;0;0;0m▄[48;2;0;0;0;38;2;0;0;0m▄[48;2;0;0;0;38;2;0;0;0m▄[48;2;0;0;0;38;2;0;0;0m▄[48;2;0;0;0;38;2;0;0;0m▄[48;2;0;0;0;38;2;0;0;0m▄[48;2;0;0;0;38;2;0;0;0m▄[48;2;0;0;0;38;2;0;0;0m▄[48;2;0;0;0;38;2;0;0;0m▄[48;2;0;0;0;38;2;0;0;0m▄[48;2;0;0;0;38;2;0;0;0m▄[48;2;0;0;0;38;2;0;0;0m▄[48;2;0;0;0;38;2;0;0;0m▄[48;2;0;0;0;38;2;0;0;0m▄[48;2;0;0;0;38;2;0;0;0m▄[48;2;0;0;0;38;2;0;0;0m▄[48;2;0;0;0;38;2;0;0;0m▄[48;2;0;0;0;38;2;0;0;0m▄[48;2;0;0;0;38;2;0;0;0m▄[48;2;0;0;0;38;2;0;0;0m▄[48;2;0;0;0;38;2;0;0;0m▄[48;2;0;0;0;38;2;0;0;0m▄[48;2;0;0;0;38;2;0;0;0m▄[48;2;0;0;0;38;2;0;0;0m▄[48;2;0;0;0;38;2;0;0;0m▄[48;2;0;0;0;38;2;0;0;0m▄[48;2;0;0;0;38;2;0;0;0m▄[48;2;0;0;0;38;2;0;0;0m▄[48;2;0;0;0;38;2;0;0;0m▄[48;2;0;0;0;38;2;0;0;0m▄[48;2;0;0;0;38;2;0;0;0m▄[48;2;0;0;0;38;2;0;0;0m▄[48;2;0;0;0;38;2;0;0;0m▄[48;2;0;0;0;38;2;0;0;0m▄[48;2;0;0;0;38;2;0;0;0m▄[48;2;0;0;0;38;2;0;0;0m▄[48;2;0;0;0;38;2;0;0;0m▄[48;2;0;0;0;38;2;0;0;0m▄[48;2;0;0;0;38;2;0;0;0m▄[48;2;0;0;0;38;2;0;0;0m▄[48;2;0;0;0;38;2;0;0;0m▄[48;2;0;0;0;38;2;0;0;0m▄[48;2;0;0;0;38;2;0;0;0m▄[48;2;0;0;0;38;2;0;0;0m▄[48;2;0;0;0;38;2;0;0;0m▄[48;2;0;0;0;38;2;0;0;0m▄[48;2;0;0;0;38;2;0;0;0m▄[48;2;0;0;0;38;2;0;0;0m▄[0m
	[48;2;0;0;0;38;2;0;0;0m▄[48;2;0;0;0;38;2;0;0;0m▄[48;2;0;0;0;38;2;0;0;0m▄[48;2;0;0;0;38;2;0;0;0m▄[48;2;0;0;0;38;2;0;0;0m▄[48;2;0;0;0;38;2;0;0;0m▄[48;2;0;0;0;38;2;0;0;0m▄[48;2;0;0;0;38;2;0;0;0m▄[48;2;0;0;0;38;2;0;0;0m▄[48;2;0;0;0;38;2;0;0;0m▄[48;2;0;0;0;38;2;0;0;0m▄[48;2;0;0;0;38;2;0;0;0m▄[48;2;0;0;0;38;2;0;0;0m▄[48;2;0;0;0;38;2;0;0;0m▄[48;2;0;0;0;38;2;0;0;0m▄[48;2;0;0;0;38;2;0;0;0m▄[48;2;0;0;0;38;2;0;0;0m▄[48;2;0;0;0;38;2;0;0;0m▄[48;2;0;0;0;38;2;0;0;0m▄[48;2;0;0;0;38;2;0;0;0m▄[48;2;0;0;0;38;2;0;0;0m▄[48;2;0;0;0;38;2;0;0;0m▄[48;2;0;0;0;38;2;0;0;0m▄[48;2;0;0;0;38;2;0;0;0m▄[48;2;0;0;0;38;2;0;0;0m▄[48;2;0;0;0;38;2;0;0;0m▄[48;2;0;0;0;38;2;0;0;0m▄[48;2;0;0;0;38;2;0;0;0m▄[48;2;0;0;0;38;2;0;0;0m▄[48;2;0;0;0;38;2;0;0;0m▄[48;2;0;0;0;38;2;0;0;0m▄[48;2;0;0;0;38;2;0;0;0m▄[48;2;0;0;0;38;2;0;0;0m▄[48;2;0;0;0;38;2;0;0;0m▄[48;2;0;0;0;38;2;0;0;0m▄[48;2;0;0;0;38;2;0;0;0m▄[48;2;0;0;0;38;2;0;0;0m▄[48;2;0;0;0;38;2;0;0;0m▄[48;2;0;0;0;38;2;0;0;0m▄[48;2;0;0;0;38;2;0;0;0m▄[48;2;0;0;0;38;2;0;0;0m▄[48;2;0;0;0;38;2;0;0;0m▄[48;2;0;0;0;38;2;0;0;0m▄[48;2;0;0;0;38;2;0;0;0m▄[48;2;0;0;0;38;2;0;0;0m▄[48;2;0;0;0;38;2;0;0;0m▄[48;2;0;0;0;38;2;0;0;0m▄[48;2;0;0;0;38;2;0;0;0m▄[0m
	[48;2;0;0;0;38;2;0;0;0m▄[48;2;0;0;0;38;2;0;0;0m▄[48;2;0;0;0;38;2;0;0;0m▄[48;2;0;0;0;38;2;0;0;0m▄[48;2;0;0;0;38;2;0;0;0m▄[48;2;0;0;0;38;2;0;0;0m▄[48;2;0;0;0;38;2;0;0;0m▄[48;2;0;0;0;38;2;0;0;0m▄[48;2;0;0;0;38;2;0;0;0m▄[48;2;0;0;0;38;2;0;0;0m▄[48;2;0;0;0;38;2;0;0;0m▄[48;2;0;0;0;38;2;0;0;0m▄[48;2;0;0;0;38;2;0;0;0m▄[48;2;0;0;0;38;2;0;0;0m▄[48;2;0;0;0;38;2;0;0;0m▄[48;2;0;0;0;38;2;0;0;0m▄[48;2;0;0;0;38;2;0;0;0m▄[48;2;0;0;0;38;2;0;0;0m▄[48;2;0;0;0;38;2;0;0;0m▄[48;2;0;0;0;38;2;0;0;0m▄[48;2;0;0;0;38;2;0;0;0m▄[48;2;0;0;0;38;2;0;0;0m▄[48;2;0;0;0;38;2;0;0;0m▄[48;2;0;0;0;38;2;0;0;0m▄[48;2;0;0;0;38;2;0;0;0m▄[48;2;0;0;0;38;2;0;0;0m▄[48;2;0;0;0;38;2;0;0;0m▄[48;2;0;0;0;38;2;0;0;0m▄[48;2;0;0;0;38;2;0;0;0m▄[48;2;0;0;0;38;2;0;0;0m▄[48;2;0;0;0;38;2;0;0;0m▄[48;2;0;0;0;38;2;0;0;0m▄[48;2;0;0;0;38;2;0;0;0m▄[48;2;0;0;0;38;2;0;0;0m▄[48;2;0;0;0;38;2;0;0;0m▄[48;2;0;0;0;38;2;0;0;0m▄[48;2;0;0;0;38;2;0;0;0m▄[48;2;0;0;0;38;2;0;0;0m▄[48;2;0;0;0;38;2;0;0;0m▄[48;2;0;0;0;38;2;0;0;0m▄[48;2;0;0;0;38;2;0;0;0m▄[48;2;0;0;0;38;2;0;0;0m▄[48;2;0;0;0;38;2;0;0;0m▄[48;2;0;0;0;38;2;0;0;0m▄[48;2;0;0;0;38;2;0;0;0m▄[48;2;0;0;0;38;2;0;0;0m▄[48;2;0;0;0;38;2;0;0;0m▄[48;2;0;0;0;38;2;0;0;0m▄[0m
	[48;2;0;0;0;38;2;0;0;0m▄[48;2;0;0;0;38;2;0;0;0m▄[48;2;0;0;0;38;2;0;0;0m▄[48;2;0;0;0;38;2;0;0;0m▄[48;2;0;0;0;38;2;0;0;0m▄[48;2;0;0;0;38;2;0;0;0m▄[48;2;0;0;0;38;2;36;33;36m▄[48;2;0;1;1;38;2;72;66;72m▄[48;2;0;0;0;38;2;70;64;70m▄[48;2;0;0;0;38;2;60;55;60m▄[48;2;0;0;0;38;2;52;46;51m▄[48;2;0;0;0;38;2;43;40;43m▄[48;2;0;0;0;38;2;29;28;31m▄[48;2;0;0;0;38;2;28;26;28m▄[48;2;0;0;0;38;2;25;23;26m▄[48;2;0;0;0;38;2;19;17;19m▄[48;2;0;0;0;38;2;18;17;18m▄[48;2;0;0;0;38;2;12;11;13m▄[48;2;0;0;0;38;2;8;8;9m▄[48;2;0;0;0;38;2;7;7;7m▄[48;2;0;0;0;38;2;6;5;6m▄[48;2;0;0;0;38;2;2;2;2m▄[48;2;0;0;0;38;2;1;1;1m▄[48;2;0;0;0;38;2;1;1;1m▄[48;2;0;0;0;38;2;0;0;0m▄[48;2;0;0;0;38;2;0;0;0m▄[48;2;0;0;0;38;2;0;0;0m▄[48;2;0;0;0;38;2;0;0;0m▄[48;2;0;0;0;38;2;0;0;0m▄[48;2;0;0;0;38;2;0;0;0m▄[48;2;0;0;0;38;2;0;0;0m▄[48;2;0;0;0;38;2;0;0;0m▄[48;2;0;0;0;38;2;0;0;0m▄[48;2;0;0;0;38;2;0;0;0m▄[48;2;0;0;0;38;2;0;0;0m▄[48;2;0;0;0;38;2;0;0;0m▄[48;2;0;0;0;38;2;0;0;0m▄[48;2;0;0;0;38;2;0;0;0m▄[48;2;0;0;0;38;2;0;0;0m▄[48;2;0;0;0;38;2;0;0;0m▄[48;2;0;0;0;38;2;0;0;0m▄[48;2;0;0;0;38;2;0;0;0m▄[48;2;0;0;0;38;2;0;0;0m▄[48;2;0;0;0;38;2;0;0;0m▄[48;2;0;0;0;38;2;0;0;0m▄[48;2;0;0;0;38;2;0;0;0m▄[48;2;0;0;0;38;2;0;0;0m▄[48;2;0;0;0;38;2;0;0;0m▄[0m
	[48;2;0;0;0;38;2;0;0;0m▄[48;2;0;0;0;38;2;0;0;0m▄[48;2;0;0;0;38;2;0;0;0m▄[48;2;0;0;0;38;2;0;0;0m▄[48;2;0;0;0;38;2;0;0;0m▄[48;2;17;16;17;38;2;21;19;21m▄[48;2;73;67;73;38;2;73;67;73m▄[48;2;65;50;54;38;2;67;37;40m▄[48;2;107;43;46;38;2;235;89;93m▄[48;2;69;39;42;38;2;131;51;53m▄[48;2;68;62;68;38;2;54;42;45m▄[48;2;56;50;53;38;2;213;203;198m▄[48;2;47;44;48;38;2;144;137;134m▄[48;2;64;59;64;38;2;47;43;47m▄[48;2;44;42;45;38;2;110;138;105m▄[48;2;45;44;46;38;2;95;117;90m▄[48;2;65;59;65;38;2;66;62;67m▄[48;2;64;59;64;38;2;73;67;73m▄[48;2;61;55;62;38;2;73;67;73m▄[48;2;67;62;67;38;2;73;67;73m▄[48;2;66;60;66;38;2;73;67;73m▄[48;2;70;64;70;38;2;73;67;73m▄[48;2;71;65;71;38;2;73;67;73m▄[48;2;65;60;65;38;2;73;67;73m▄[48;2;61;55;60;38;2;73;67;73m▄[48;2;49;46;49;38;2;73;67;73m▄[48;2;47;43;46;38;2;73;67;73m▄[48;2;40;36;39;38;2;73;67;73m▄[48;2;32;29;32;38;2;73;67;73m▄[48;2;28;27;28;38;2;73;67;73m▄[48;2;24;21;23;38;2;73;67;73m▄[48;2;17;17;17;38;2;73;67;73m▄[48;2;16;14;15;38;2;73;67;73m▄[48;2;14;13;14;38;2;73;67;73m▄[48;2;8;8;8;38;2;73;67;73m▄[48;2;4;4;4;38;2;73;67;73m▄[48;2;3;2;3;38;2;73;67;73m▄[48;2;1;1;1;38;2;73;67;73m▄[48;2;0;0;0;38;2;73;67;73m▄[48;2;0;0;0;38;2;48;45;48m▄[48;2;0;0;0;38;2;29;27;29m▄[48;2;0;0;0;38;2;15;14;14m▄[48;2;0;0;0;38;2;0;0;0m▄[48;2;0;0;0;38;2;0;0;0m▄[48;2;0;0;0;38;2;0;0;0m▄[48;2;0;0;0;38;2;0;0;0m▄[48;2;0;0;0;38;2;0;0;0m▄[48;2;0;0;0;38;2;0;0;0m▄[0m
	[48;2;0;0;0;38;2;0;0;0m▄[48;2;0;0;0;38;2;0;0;0m▄[48;2;0;0;0;38;2;0;0;0m▄[48;2;0;0;0;38;2;0;0;0m▄[48;2;0;0;0;38;2;0;0;0m▄[48;2;20;18;20;38;2;20;19;20m▄[48;2;73;67;73;38;2;46;42;46m▄[48;2;56;52;56;38;2;49;46;49m▄[48;2;69;34;36;38;2;56;52;56m▄[48;2;63;41;44;38;2;61;56;61m▄[48;2;60;55;60;38;2;67;61;67m▄[48;2;54;34;35;38;2;73;67;73m▄[48;2;52;37;38;38;2;73;67;73m▄[48;2;63;57;63;38;2;73;67;73m▄[48;2;53;64;50;38;2;69;63;69m▄[48;2;54;66;51;38;2;71;65;71m▄[48;2;67;62;68;38;2;73;67;73m▄[48;2;73;67;73;38;2;73;67;73m▄[48;2;73;67;73;38;2;73;67;73m▄[48;2;73;67;73;38;2;73;67;73m▄[48;2;73;67;73;38;2;73;67;73m▄[48;2;73;67;73;38;2;73;67;73m▄[48;2;73;67;73;38;2;73;67;73m▄[48;2;73;67;73;38;2;73;67;73m▄[48;2;73;67;73;38;2;73;67;73m▄[48;2;73;67;73;38;2;73;67;73m▄[48;2;73;67;73;38;2;73;67;73m▄[48;2;73;67;73;38;2;73;67;73m▄[48;2;73;67;73;38;2;73;67;73m▄[48;2;73;67;73;38;2;73;67;73m▄[48;2;73;67;73;38;2;73;67;73m▄[48;2;73;67;73;38;2;73;67;73m▄[48;2;73;67;73;38;2;73;67;73m▄[48;2;73;67;73;38;2;73;67;73m▄[48;2;73;67;73;38;2;73;67;73m▄[48;2;73;67;73;38;2;73;67;73m▄[48;2;73;67;73;38;2;73;67;73m▄[48;2;73;67;73;38;2;73;67;73m▄[48;2;73;67;73;38;2;58;54;58m▄[48;2;47;43;47;38;2;31;29;31m▄[48;2;32;29;31;38;2;36;34;35m▄[48;2;36;34;35;38;2;36;34;35m▄[48;2;2;2;2;38;2;2;2;2m▄[48;2;0;0;0;38;2;0;0;0m▄[48;2;0;0;0;38;2;0;0;0m▄[48;2;0;0;0;38;2;0;0;0m▄[48;2;0;0;0;38;2;0;0;0m▄[48;2;0;0;0;38;2;0;0;0m▄[0m
	[48;2;0;0;0;38;2;0;0;0m▄[48;2;0;0;0;38;2;0;0;0m▄[48;2;0;0;0;38;2;0;0;0m▄[48;2;0;0;0;38;2;0;0;0m▄[48;2;0;0;0;38;2;0;0;0m▄[48;2;21;20;21;38;2;21;19;21m▄[48;2;67;61;67;38;2;53;49;53m▄[48;2;63;59;63;38;2;64;59;64m▄[48;2;57;52;57;38;2;67;61;67m▄[48;2;53;49;53;38;2;72;66;72m▄[48;2;49;46;49;38;2;71;65;71m▄[48;2;45;41;45;38;2;73;67;73m▄[48;2;44;40;44;38;2;73;67;73m▄[48;2;45;42;45;38;2;73;67;73m▄[48;2;45;41;45;38;2;73;67;73m▄[48;2;45;41;45;38;2;73;67;73m▄[48;2;46;42;46;38;2;73;67;73m▄[48;2;47;43;47;38;2;73;67;73m▄[48;2;47;43;47;38;2;73;67;73m▄[48;2;45;42;45;38;2;73;67;73m▄[48;2;46;43;46;38;2;68;62;68m▄[48;2;47;44;47;38;2;71;65;71m▄[48;2;45;41;45;38;2;69;63;69m▄[48;2;41;38;41;38;2;56;51;56m▄[48;2;43;40;43;38;2;49;45;49m▄[48;2;45;41;45;38;2;46;43;46m▄[48;2;49;45;49;38;2;33;30;33m▄[48;2;52;48;52;38;2;30;29;30m▄[48;2;57;52;57;38;2;32;28;31m▄[48;2;63;59;63;38;2;34;32;33m▄[48;2;69;63;69;38;2;36;34;35m▄[48;2;73;67;73;38;2;35;33;34m▄[48;2;73;67;73;38;2;34;31;33m▄[48;2;73;67;73;38;2;31;31;31m▄[48;2;73;67;73;38;2;31;29;30m▄[48;2;73;67;73;38;2;31;29;31m▄[48;2;73;67;73;38;2;30;28;30m▄[48;2;73;67;73;38;2;30;28;30m▄[48;2;50;46;50;38;2;33;31;32m▄[48;2;34;31;33;38;2;36;34;35m▄[48;2;36;34;35;38;2;36;34;35m▄[48;2;36;34;35;38;2;36;34;35m▄[48;2;2;2;2;38;2;2;2;2m▄[48;2;0;0;0;38;2;0;0;0m▄[48;2;0;0;0;38;2;0;0;0m▄[48;2;0;0;0;38;2;0;0;0m▄[48;2;0;0;0;38;2;0;0;0m▄[48;2;0;0;0;38;2;0;0;0m▄[0m
	[48;2;0;0;0;38;2;0;0;0m▄[48;2;0;0;0;38;2;0;0;0m▄[48;2;0;0;0;38;2;0;0;0m▄[48;2;0;0;0;38;2;0;0;0m▄[48;2;0;0;0;38;2;0;0;0m▄[48;2;21;20;21;38;2;21;20;21m▄[48;2;46;42;46;38;2;36;33;35m▄[48;2;50;46;50;38;2;40;36;40m▄[48;2;62;57;62;38;2;38;34;38m▄[48;2;64;59;64;38;2;49;45;49m▄[48;2;67;62;67;38;2;51;47;51m▄[48;2;65;59;65;38;2;39;35;39m▄[48;2;71;65;71;38;2;39;37;39m▄[48;2;48;44;47;38;2;150;143;141m▄[48;2;129;122;120;38;2;219;209;204m▄[48;2;55;52;53;38;2;211;202;197m▄[48;2;69;63;69;38;2;50;46;48m▄[48;2;70;64;70;38;2;56;51;56m▄[48;2;69;63;69;38;2;46;42;46m▄[48;2;66;61;66;38;2;38;35;38m▄[48;2;62;56;62;38;2;36;33;36m▄[48;2;54;49;54;38;2;40;37;40m▄[48;2;49;46;49;38;2;33;30;33m▄[48;2;36;33;36;38;2;32;30;31m▄[48;2;36;33;36;38;2;30;29;30m▄[48;2;31;29;31;38;2;32;29;31m▄[48;2;31;28;30;38;2;34;32;33m▄[48;2;31;29;31;38;2;36;34;35m▄[48;2;33;31;32;38;2;35;33;34m▄[48;2;36;34;35;38;2;36;34;35m▄[48;2;36;34;35;38;2;36;34;35m▄[48;2;36;34;35;38;2;36;34;35m▄[48;2;36;34;35;38;2;36;34;35m▄[48;2;36;34;35;38;2;36;34;35m▄[48;2;36;34;35;38;2;36;34;35m▄[48;2;36;34;35;38;2;36;34;35m▄[48;2;36;34;35;38;2;36;34;35m▄[48;2;36;34;35;38;2;36;34;35m▄[48;2;36;34;35;38;2;36;34;35m▄[48;2;36;34;35;38;2;36;34;35m▄[48;2;36;34;35;38;2;36;34;35m▄[48;2;36;34;35;38;2;36;34;35m▄[48;2;3;2;2;38;2;3;3;3m▄[48;2;0;0;0;38;2;0;0;0m▄[48;2;0;0;0;38;2;0;0;0m▄[48;2;0;0;0;38;2;0;0;0m▄[48;2;0;0;0;38;2;0;0;0m▄[48;2;0;0;0;38;2;0;0;0m▄[0m
	[48;2;0;0;0;38;2;0;0;0m▄[48;2;0;0;0;38;2;0;0;0m▄[48;2;0;0;0;38;2;0;0;0m▄[48;2;0;0;0;38;2;0;0;0m▄[48;2;0;0;0;38;2;0;0;0m▄[48;2;23;21;22;38;2;23;22;23m▄[48;2;31;29;31;38;2;32;31;32m▄[48;2;33;30;32;38;2;31;29;31m▄[48;2;34;31;34;38;2;31;29;30m▄[48;2;33;31;33;38;2;31;28;31m▄[48;2;32;30;31;38;2;32;31;32m▄[48;2;32;30;31;38;2;36;34;35m▄[48;2;32;31;33;38;2;36;34;35m▄[48;2;88;83;83;38;2;31;29;30m▄[48;2;219;209;204;38;2;110;106;104m▄[48;2;219;209;204;38;2;219;209;204m▄[48;2;206;197;192;38;2;219;209;204m▄[48;2;45;43;44;38;2;195;185;181m▄[48;2;35;32;35;38;2;41;38;40m▄[48;2;31;29;31;38;2;32;30;31m▄[48;2;32;30;32;38;2;32;30;31m▄[48;2;30;28;30;38;2;33;32;33m▄[48;2;31;29;31;38;2;34;32;34m▄[48;2;32;30;32;38;2;36;34;35m▄[48;2;35;33;34;38;2;36;34;35m▄[48;2;35;33;34;38;2;36;34;35m▄[48;2;35;33;34;38;2;36;34;35m▄[48;2;36;34;35;38;2;36;34;35m▄[48;2;36;34;35;38;2;36;34;35m▄[48;2;36;34;35;38;2;36;34;35m▄[48;2;36;34;35;38;2;36;34;35m▄[48;2;36;34;35;38;2;36;34;35m▄[48;2;36;34;35;38;2;36;34;35m▄[48;2;36;34;35;38;2;36;34;35m▄[48;2;36;34;35;38;2;36;34;35m▄[48;2;36;34;35;38;2;36;34;35m▄[48;2;36;34;35;38;2;36;34;35m▄[48;2;36;34;35;38;2;36;34;35m▄[48;2;36;34;35;38;2;36;34;35m▄[48;2;36;34;35;38;2;36;34;35m▄[48;2;36;34;35;38;2;36;34;35m▄[48;2;36;34;35;38;2;36;34;35m▄[48;2;3;3;3;38;2;3;3;3m▄[48;2;0;0;0;38;2;0;0;0m▄[48;2;0;0;0;38;2;0;0;0m▄[48;2;0;0;0;38;2;0;0;0m▄[48;2;0;0;0;38;2;0;0;0m▄[48;2;0;0;0;38;2;0;0;0m▄[0m
	[48;2;0;0;0;38;2;0;0;0m▄[48;2;0;0;0;38;2;0;0;0m▄[48;2;0;0;0;38;2;0;0;0m▄[48;2;0;0;0;38;2;0;0;0m▄[48;2;0;0;0;38;2;0;0;0m▄[48;2;24;23;23;38;2;24;22;23m▄[48;2;34;32;33;38;2;36;34;35m▄[48;2;35;33;34;38;2;36;34;35m▄[48;2;35;32;34;38;2;36;34;35m▄[48;2;35;33;34;38;2;36;34;35m▄[48;2;34;32;33;38;2;36;34;35m▄[48;2;36;34;35;38;2;36;34;35m▄[48;2;36;34;35;38;2;36;34;35m▄[48;2;36;34;35;38;2;36;34;35m▄[48;2;32;31;33;38;2;35;33;34m▄[48;2;131;124;123;38;2;33;31;33m▄[48;2;219;209;204;38;2;151;143;140m▄[48;2;219;209;204;38;2;219;209;204m▄[48;2;177;170;166;38;2;219;209;204m▄[48;2;34;32;34;38;2;160;152;150m▄[48;2;35;33;34;38;2;30;28;29m▄[48;2;34;32;33;38;2;35;33;34m▄[48;2;35;33;34;38;2;36;34;35m▄[48;2;36;34;35;38;2;36;34;35m▄[48;2;36;34;35;38;2;36;34;35m▄[48;2;36;34;35;38;2;36;34;35m▄[48;2;36;34;35;38;2;36;34;35m▄[48;2;36;34;35;38;2;36;34;35m▄[48;2;36;34;35;38;2;36;34;35m▄[48;2;36;34;35;38;2;36;34;35m▄[48;2;36;34;35;38;2;36;34;35m▄[48;2;36;34;35;38;2;36;34;35m▄[48;2;36;34;35;38;2;36;34;35m▄[48;2;36;34;35;38;2;36;34;35m▄[48;2;36;34;35;38;2;36;34;35m▄[48;2;36;34;35;38;2;36;34;35m▄[48;2;36;34;35;38;2;36;34;35m▄[48;2;36;34;35;38;2;36;34;35m▄[48;2;36;34;35;38;2;36;34;35m▄[48;2;36;34;35;38;2;36;34;35m▄[48;2;36;34;35;38;2;36;34;35m▄[48;2;36;34;35;38;2;36;34;35m▄[48;2;4;3;3;38;2;4;4;4m▄[48;2;0;0;0;38;2;0;0;0m▄[48;2;0;0;0;38;2;0;0;0m▄[48;2;0;0;0;38;2;0;0;0m▄[48;2;0;0;0;38;2;0;0;0m▄[48;2;0;0;0;38;2;0;0;0m▄[0m
	[48;2;0;0;0;38;2;0;0;0m▄[48;2;0;0;0;38;2;0;0;0m▄[48;2;0;0;0;38;2;0;0;0m▄[48;2;0;0;0;38;2;0;0;0m▄[48;2;0;0;0;38;2;0;0;0m▄[48;2;23;22;23;38;2;23;22;23m▄[48;2;36;34;35;38;2;36;34;35m▄[48;2;36;34;35;38;2;36;34;35m▄[48;2;36;34;35;38;2;36;34;35m▄[48;2;36;34;35;38;2;36;34;35m▄[48;2;36;34;35;38;2;36;34;35m▄[48;2;36;34;35;38;2;36;34;35m▄[48;2;36;34;35;38;2;36;34;35m▄[48;2;36;34;35;38;2;36;34;35m▄[48;2;36;34;35;38;2;36;34;35m▄[48;2;34;32;33;38;2;36;34;35m▄[48;2;37;34;36;38;2;33;31;32m▄[48;2;165;157;154;38;2;38;35;36m▄[48;2;219;209;204;38;2;185;177;175m▄[48;2;219;209;204;38;2;219;209;204m▄[48;2;140;134;130;38;2;219;209;204m▄[48;2;29;28;28;38;2;114;108;105m▄[48;2;36;34;35;38;2;32;30;31m▄[48;2;36;34;35;38;2;36;34;35m▄[48;2;36;34;35;38;2;36;34;35m▄[48;2;36;34;35;38;2;36;34;35m▄[48;2;36;34;35;38;2;36;34;35m▄[48;2;36;34;35;38;2;36;34;35m▄[48;2;36;34;35;38;2;36;34;35m▄[48;2;36;34;35;38;2;36;34;35m▄[48;2;36;34;35;38;2;36;34;35m▄[48;2;36;34;35;38;2;36;34;35m▄[48;2;36;34;35;38;2;36;34;35m▄[48;2;36;34;35;38;2;36;34;35m▄[48;2;36;34;35;38;2;36;34;35m▄[48;2;36;34;35;38;2;36;34;35m▄[48;2;36;34;35;38;2;36;34;35m▄[48;2;36;34;35;38;2;36;34;35m▄[48;2;36;34;35;38;2;36;34;35m▄[48;2;36;34;35;38;2;36;34;35m▄[48;2;36;34;35;38;2;36;34;35m▄[48;2;36;34;35;38;2;36;34;35m▄[48;2;4;4;4;38;2;4;4;4m▄[48;2;0;0;0;38;2;0;0;0m▄[48;2;0;0;0;38;2;0;0;0m▄[48;2;0;0;0;38;2;0;0;0m▄[48;2;0;0;0;38;2;0;0;0m▄[48;2;0;0;0;38;2;0;0;0m▄[0m
	[48;2;0;0;0;38;2;0;0;0m▄[48;2;0;0;0;38;2;0;0;0m▄[48;2;0;0;0;38;2;0;0;0m▄[48;2;0;0;0;38;2;0;0;0m▄[48;2;0;0;0;38;2;0;0;0m▄[48;2;23;22;23;38;2;23;22;23m▄[48;2;36;34;35;38;2;36;34;35m▄[48;2;36;34;35;38;2;36;34;35m▄[48;2;36;34;35;38;2;36;34;35m▄[48;2;36;34;35;38;2;36;34;35m▄[48;2;36;34;35;38;2;36;34;35m▄[48;2;36;34;35;38;2;36;34;35m▄[48;2;36;34;35;38;2;36;34;35m▄[48;2;36;34;35;38;2;36;34;35m▄[48;2;36;34;35;38;2;36;34;35m▄[48;2;36;34;35;38;2;36;34;35m▄[48;2;36;34;35;38;2;36;34;35m▄[48;2;33;31;32;38;2;36;34;35m▄[48;2;41;39;41;38;2;31;30;31m▄[48;2;199;189;184;38;2;48;44;48m▄[48;2;219;209;204;38;2;212;202;197m▄[48;2;219;209;204;38;2;219;209;204m▄[48;2;95;89;88;38;2;219;209;204m▄[48;2;34;32;33;38;2;72;67;67m▄[48;2;36;34;35;38;2;35;33;34m▄[48;2;36;34;35;38;2;36;34;35m▄[48;2;36;34;35;38;2;36;34;35m▄[48;2;36;34;35;38;2;36;34;35m▄[48;2;36;34;35;38;2;36;34;35m▄[48;2;36;34;35;38;2;36;34;35m▄[48;2;36;34;35;38;2;36;34;35m▄[48;2;36;34;35;38;2;36;34;35m▄[48;2;36;34;35;38;2;36;34;35m▄[48;2;36;34;35;38;2;36;34;35m▄[48;2;36;34;35;38;2;36;34;35m▄[48;2;36;34;35;38;2;36;34;35m▄[48;2;36;34;35;38;2;36;34;35m▄[48;2;36;34;35;38;2;36;34;35m▄[48;2;36;34;35;38;2;36;34;35m▄[48;2;36;34;35;38;2;36;34;35m▄[48;2;36;34;35;38;2;36;34;35m▄[48;2;36;34;35;38;2;36;34;35m▄[48;2;4;4;4;38;2;4;4;4m▄[48;2;0;0;0;38;2;0;0;0m▄[48;2;0;0;0;38;2;0;0;0m▄[48;2;0;0;0;38;2;0;0;0m▄[48;2;0;0;0;38;2;0;0;0m▄[48;2;0;0;0;38;2;0;0;0m▄[0m
	[48;2;0;0;0;38;2;0;0;0m▄[48;2;0;0;0;38;2;0;0;0m▄[48;2;0;0;0;38;2;0;0;0m▄[48;2;0;0;0;38;2;0;0;0m▄[48;2;0;0;0;38;2;0;0;0m▄[48;2;23;22;22;38;2;23;22;22m▄[48;2;36;34;35;38;2;36;34;35m▄[48;2;36;34;35;38;2;36;34;35m▄[48;2;36;34;35;38;2;36;34;35m▄[48;2;36;34;35;38;2;36;34;35m▄[48;2;36;34;35;38;2;36;34;35m▄[48;2;36;34;35;38;2;36;34;35m▄[48;2;36;34;35;38;2;36;34;35m▄[48;2;36;34;35;38;2;36;34;35m▄[48;2;36;34;35;38;2;36;34;35m▄[48;2;36;34;35;38;2;36;34;35m▄[48;2;36;34;35;38;2;36;34;35m▄[48;2;36;34;35;38;2;35;33;34m▄[48;2;35;33;34;38;2;50;48;49m▄[48;2;48;45;46;38;2;193;185;180m▄[48;2;199;191;186;38;2;219;209;204m▄[48;2;219;209;204;38;2;219;209;204m▄[48;2;219;209;204;38;2;169;161;157m▄[48;2;140;134;130;38;2;31;29;30m▄[48;2;34;32;33;38;2;36;34;35m▄[48;2;36;34;35;38;2;36;34;35m▄[48;2;36;34;35;38;2;36;34;35m▄[48;2;36;34;35;38;2;36;34;35m▄[48;2;36;34;35;38;2;36;34;35m▄[48;2;36;34;35;38;2;36;34;35m▄[48;2;36;34;35;38;2;36;34;35m▄[48;2;36;34;35;38;2;36;34;35m▄[48;2;36;34;35;38;2;36;34;35m▄[48;2;36;34;35;38;2;36;34;35m▄[48;2;36;34;35;38;2;36;34;35m▄[48;2;36;34;35;38;2;36;34;35m▄[48;2;36;34;35;38;2;36;34;35m▄[48;2;36;34;35;38;2;36;34;35m▄[48;2;36;34;35;38;2;36;34;35m▄[48;2;36;34;35;38;2;36;34;35m▄[48;2;36;34;35;38;2;36;34;35m▄[48;2;36;34;35;38;2;36;34;35m▄[48;2;4;4;4;38;2;4;4;4m▄[48;2;0;0;0;38;2;0;0;0m▄[48;2;0;0;0;38;2;0;0;0m▄[48;2;0;0;0;38;2;0;0;0m▄[48;2;0;0;0;38;2;0;0;0m▄[48;2;0;0;0;38;2;0;0;0m▄[0m
	[48;2;0;0;0;38;2;0;0;0m▄[48;2;0;0;0;38;2;0;0;0m▄[48;2;0;0;0;38;2;0;0;0m▄[48;2;0;0;0;38;2;0;0;0m▄[48;2;0;0;0;38;2;0;0;0m▄[48;2;23;22;23;38;2;23;22;22m▄[48;2;36;34;35;38;2;36;34;35m▄[48;2;36;34;35;38;2;36;34;35m▄[48;2;36;34;35;38;2;36;34;35m▄[48;2;36;34;35;38;2;36;34;35m▄[48;2;36;34;35;38;2;36;34;35m▄[48;2;36;34;35;38;2;36;34;35m▄[48;2;36;34;35;38;2;36;34;35m▄[48;2;36;34;35;38;2;36;34;35m▄[48;2;36;34;35;38;2;36;34;35m▄[48;2;36;34;35;38;2;36;34;35m▄[48;2;36;34;35;38;2;40;38;38m▄[48;2;51;49;48;38;2;214;204;199m▄[48;2;205;195;191;38;2;219;209;204m▄[48;2;219;209;204;38;2;219;209;204m▄[48;2;219;209;204;38;2;197;189;184m▄[48;2;186;177;174;38;2;32;30;30m▄[48;2;30;29;30;38;2;36;34;35m▄[48;2;36;34;35;38;2;36;34;35m▄[48;2;36;34;35;38;2;36;34;35m▄[48;2;36;34;35;38;2;36;34;35m▄[48;2;36;34;35;38;2;36;34;35m▄[48;2;36;34;35;38;2;36;34;35m▄[48;2;36;34;35;38;2;36;34;35m▄[48;2;36;34;35;38;2;36;34;35m▄[48;2;36;34;35;38;2;36;34;35m▄[48;2;36;34;35;38;2;36;34;35m▄[48;2;36;34;35;38;2;36;34;35m▄[48;2;36;34;35;38;2;36;34;35m▄[48;2;36;34;35;38;2;36;34;35m▄[48;2;36;34;35;38;2;36;34;35m▄[48;2;36;34;35;38;2;36;34;35m▄[48;2;36;34;35;38;2;36;34;35m▄[48;2;36;34;35;38;2;36;34;35m▄[48;2;36;34;35;38;2;36;34;35m▄[48;2;36;34;35;38;2;36;34;35m▄[48;2;36;34;35;38;2;36;34;35m▄[48;2;4;4;4;38;2;4;4;4m▄[48;2;0;0;0;38;2;0;0;0m▄[48;2;0;0;0;38;2;0;0;0m▄[48;2;0;0;0;38;2;0;0;0m▄[48;2;0;0;0;38;2;0;0;0m▄[48;2;0;0;0;38;2;0;0;0m▄[0m
	[48;2;0;0;0;38;2;0;0;0m▄[48;2;0;0;0;38;2;0;0;0m▄[48;2;0;0;0;38;2;0;0;0m▄[48;2;0;0;0;38;2;0;0;0m▄[48;2;0;0;0;38;2;0;0;0m▄[48;2;24;22;22;38;2;24;21;22m▄[48;2;36;34;35;38;2;36;34;35m▄[48;2;36;34;35;38;2;36;34;35m▄[48;2;36;34;35;38;2;36;34;35m▄[48;2;36;34;35;38;2;36;34;35m▄[48;2;36;34;35;38;2;36;34;35m▄[48;2;36;34;35;38;2;36;34;35m▄[48;2;36;34;35;38;2;36;34;35m▄[48;2;36;34;35;38;2;36;34;35m▄[48;2;36;34;35;38;2;34;32;32m▄[48;2;41;38;38;38;2;211;201;196m▄[48;2;217;207;202;38;2;219;209;204m▄[48;2;219;209;204;38;2;219;209;204m▄[48;2;219;209;204;38;2;213;203;198m▄[48;2;206;197;192;38;2;38;37;36m▄[48;2;34;33;32;38;2;36;34;35m▄[48;2;36;34;35;38;2;36;34;35m▄[48;2;36;34;35;38;2;36;34;35m▄[48;2;36;34;35;38;2;36;34;35m▄[48;2;36;34;35;38;2;36;34;35m▄[48;2;36;34;35;38;2;36;34;35m▄[48;2;36;34;35;38;2;36;34;35m▄[48;2;36;34;35;38;2;36;34;35m▄[48;2;36;34;35;38;2;36;34;35m▄[48;2;36;34;35;38;2;36;34;35m▄[48;2;36;34;35;38;2;36;34;35m▄[48;2;36;34;35;38;2;36;34;35m▄[48;2;36;34;35;38;2;36;34;35m▄[48;2;36;34;35;38;2;36;34;35m▄[48;2;36;34;35;38;2;36;34;35m▄[48;2;36;34;35;38;2;36;34;35m▄[48;2;36;34;35;38;2;36;34;35m▄[48;2;36;34;35;38;2;36;34;35m▄[48;2;36;34;35;38;2;36;34;35m▄[48;2;36;34;35;38;2;36;34;35m▄[48;2;36;34;35;38;2;36;34;35m▄[48;2;36;34;35;38;2;36;34;35m▄[48;2;4;4;4;38;2;4;4;4m▄[48;2;0;0;0;38;2;0;0;0m▄[48;2;0;0;0;38;2;0;0;0m▄[48;2;0;0;0;38;2;0;0;0m▄[48;2;0;0;0;38;2;0;0;0m▄[48;2;0;0;0;38;2;0;0;0m▄[0m
	[48;2;0;0;0;38;2;0;0;0m▄[48;2;0;0;0;38;2;0;0;0m▄[48;2;0;0;0;38;2;0;0;0m▄[48;2;0;0;0;38;2;0;0;0m▄[48;2;0;0;0;38;2;0;0;0m▄[48;2;25;23;23;38;2;24;21;22m▄[48;2;36;34;35;38;2;36;34;35m▄[48;2;36;34;35;38;2;36;34;35m▄[48;2;36;34;35;38;2;36;34;35m▄[48;2;36;34;35;38;2;36;34;35m▄[48;2;36;34;35;38;2;36;34;35m▄[48;2;36;34;35;38;2;36;34;35m▄[48;2;36;34;35;38;2;33;32;32m▄[48;2;31;30;30;38;2;189;181;176m▄[48;2;198;190;185;38;2;219;209;204m▄[48;2;219;209;204;38;2;219;209;204m▄[48;2;219;209;204;38;2;219;209;204m▄[48;2;217;207;202;38;2;52;49;49m▄[48;2;44;42;42;38;2;36;34;35m▄[48;2;36;34;35;38;2;36;34;35m▄[48;2;36;34;35;38;2;36;34;35m▄[48;2;36;34;35;38;2;36;34;35m▄[48;2;36;34;35;38;2;36;34;35m▄[48;2;36;34;35;38;2;36;34;35m▄[48;2;36;34;35;38;2;36;34;35m▄[48;2;36;34;35;38;2;36;34;35m▄[48;2;36;34;35;38;2;32;30;30m▄[48;2;36;34;35;38;2;28;27;28m▄[48;2;36;34;35;38;2;29;27;28m▄[48;2;36;34;35;38;2;28;27;27m▄[48;2;36;34;35;38;2;28;27;27m▄[48;2;36;34;35;38;2;30;29;29m▄[48;2;36;34;35;38;2;29;28;29m▄[48;2;36;34;35;38;2;31;30;30m▄[48;2;36;34;35;38;2;29;28;29m▄[48;2;36;34;35;38;2;32;32;32m▄[48;2;36;34;35;38;2;32;32;32m▄[48;2;36;34;35;38;2;32;32;32m▄[48;2;36;34;35;38;2;32;32;32m▄[48;2;36;34;35;38;2;34;32;33m▄[48;2;36;34;35;38;2;36;34;35m▄[48;2;36;34;35;38;2;36;34;35m▄[48;2;4;4;4;38;2;4;4;4m▄[48;2;0;0;0;38;2;0;0;0m▄[48;2;0;0;0;38;2;0;0;0m▄[48;2;0;0;0;38;2;0;0;0m▄[48;2;0;0;0;38;2;0;0;0m▄[48;2;0;0;0;38;2;0;0;0m▄[0m
	[48;2;0;0;0;38;2;0;0;0m▄[48;2;0;0;0;38;2;0;0;0m▄[48;2;0;0;0;38;2;0;0;0m▄[48;2;0;0;0;38;2;0;0;0m▄[48;2;0;0;0;38;2;0;0;0m▄[48;2;24;22;23;38;2;24;22;23m▄[48;2;36;34;35;38;2;36;34;35m▄[48;2;36;34;35;38;2;36;34;35m▄[48;2;36;34;35;38;2;36;34;35m▄[48;2;36;34;35;38;2;36;34;35m▄[48;2;36;34;35;38;2;36;34;35m▄[48;2;35;33;34;38;2;36;34;35m▄[48;2;97;94;93;38;2;31;31;31m▄[48;2;219;209;204;38;2;142;137;134m▄[48;2;219;209;204;38;2;219;209;204m▄[48;2;219;209;204;38;2;71;68;67m▄[48;2;60;57;57;38;2;36;34;35m▄[48;2;36;34;35;38;2;36;34;35m▄[48;2;36;34;35;38;2;36;34;35m▄[48;2;36;34;35;38;2;36;34;35m▄[48;2;36;34;35;38;2;36;34;35m▄[48;2;36;34;35;38;2;36;34;35m▄[48;2;36;34;35;38;2;36;34;35m▄[48;2;36;34;35;38;2;36;34;35m▄[48;2;36;34;35;38;2;36;34;35m▄[48;2;36;34;35;38;2;36;34;35m▄[48;2;76;72;71;38;2;77;74;73m▄[48;2;219;209;204;38;2;219;209;204m▄[48;2;219;209;204;38;2;219;209;204m▄[48;2;219;209;204;38;2;219;209;204m▄[48;2;219;209;204;38;2;219;209;204m▄[48;2;219;209;204;38;2;219;209;204m▄[48;2;219;209;204;38;2;219;209;204m▄[48;2;219;209;204;38;2;219;209;204m▄[48;2;219;209;204;38;2;219;209;204m▄[48;2;219;209;204;38;2;219;209;204m▄[48;2;219;209;204;38;2;219;209;204m▄[48;2;219;209;204;38;2;219;209;204m▄[48;2;219;209;204;38;2;219;209;204m▄[48;2;30;29;29;38;2;30;28;29m▄[48;2;36;34;35;38;2;36;34;35m▄[48;2;36;34;35;38;2;36;34;35m▄[48;2;5;4;4;38;2;5;4;4m▄[48;2;0;0;0;38;2;0;0;0m▄[48;2;0;0;0;38;2;0;0;0m▄[48;2;0;0;0;38;2;0;0;0m▄[48;2;0;0;0;38;2;0;0;0m▄[48;2;0;0;0;38;2;0;0;0m▄[0m
	[48;2;0;0;0;38;2;0;0;0m▄[48;2;0;0;0;38;2;0;0;0m▄[48;2;0;0;0;38;2;0;0;0m▄[48;2;0;0;0;38;2;0;0;0m▄[48;2;0;0;0;38;2;0;0;0m▄[48;2;24;22;23;38;2;24;22;23m▄[48;2;36;34;35;38;2;36;34;35m▄[48;2;36;34;35;38;2;36;34;35m▄[48;2;36;34;35;38;2;36;34;35m▄[48;2;36;34;35;38;2;36;34;35m▄[48;2;36;34;35;38;2;36;34;35m▄[48;2;36;34;35;38;2;36;34;35m▄[48;2;36;34;35;38;2;36;34;35m▄[48;2;30;28;30;38;2;36;34;35m▄[48;2;48;45;45;38;2;36;34;35m▄[48;2;35;33;34;38;2;36;34;35m▄[48;2;36;34;35;38;2;36;34;35m▄[48;2;36;34;35;38;2;36;34;35m▄[48;2;36;34;35;38;2;36;34;35m▄[48;2;36;34;35;38;2;36;34;35m▄[48;2;36;34;35;38;2;36;34;35m▄[48;2;36;34;35;38;2;36;34;35m▄[48;2;36;34;35;38;2;36;34;35m▄[48;2;36;34;35;38;2;36;34;35m▄[48;2;36;34;35;38;2;36;34;35m▄[48;2;36;34;35;38;2;36;34;35m▄[48;2;59;55;55;38;2;36;34;35m▄[48;2;164;156;153;38;2;36;34;35m▄[48;2;164;156;153;38;2;36;34;35m▄[48;2;164;156;153;38;2;36;34;35m▄[48;2;151;143;140;38;2;36;34;35m▄[48;2;135;128;125;38;2;36;34;35m▄[48;2;132;127;125;38;2;36;34;35m▄[48;2;115;110;108;38;2;36;34;35m▄[48;2;113;108;105;38;2;36;34;35m▄[48;2;101;97;95;38;2;36;34;35m▄[48;2;94;89;88;38;2;36;34;35m▄[48;2;88;85;83;38;2;36;34;35m▄[48;2;73;69;69;38;2;36;34;35m▄[48;2;31;30;31;38;2;36;34;35m▄[48;2;36;34;35;38;2;36;34;35m▄[48;2;36;34;35;38;2;36;34;35m▄[48;2;5;4;4;38;2;5;4;4m▄[48;2;0;0;0;38;2;0;0;0m▄[48;2;0;0;0;38;2;0;0;0m▄[48;2;0;0;0;38;2;0;0;0m▄[48;2;0;0;0;38;2;0;0;0m▄[48;2;0;0;0;38;2;0;0;0m▄[0m
	[48;2;0;0;0;38;2;0;0;0m▄[48;2;0;0;0;38;2;0;0;0m▄[48;2;0;0;0;38;2;0;0;0m▄[48;2;0;0;0;38;2;0;0;0m▄[48;2;0;0;0;38;2;0;0;0m▄[48;2;23;21;22;38;2;23;21;22m▄[48;2;36;34;35;38;2;36;34;35m▄[48;2;36;34;35;38;2;36;34;35m▄[48;2;36;34;35;38;2;36;34;35m▄[48;2;36;34;35;38;2;36;34;35m▄[48;2;36;34;35;38;2;36;34;35m▄[48;2;36;34;35;38;2;36;34;35m▄[48;2;36;34;35;38;2;36;34;35m▄[48;2;36;34;35;38;2;36;34;35m▄[48;2;36;34;35;38;2;36;34;35m▄[48;2;36;34;35;38;2;36;34;35m▄[48;2;36;34;35;38;2;36;34;35m▄[48;2;36;34;35;38;2;36;34;35m▄[48;2;36;34;35;38;2;36;34;35m▄[48;2;36;34;35;38;2;36;34;35m▄[48;2;36;34;35;38;2;36;34;35m▄[48;2;36;34;35;38;2;36;34;35m▄[48;2;36;34;35;38;2;36;34;35m▄[48;2;36;34;35;38;2;36;34;35m▄[48;2;36;34;35;38;2;36;34;35m▄[48;2;36;34;35;38;2;36;34;35m▄[48;2;36;34;35;38;2;36;34;35m▄[48;2;36;34;35;38;2;36;34;35m▄[48;2;36;34;35;38;2;36;34;35m▄[48;2;36;34;35;38;2;36;34;35m▄[48;2;36;34;35;38;2;36;34;35m▄[48;2;36;34;35;38;2;36;34;35m▄[48;2;36;34;35;38;2;36;34;35m▄[48;2;36;34;35;38;2;36;34;35m▄[48;2;36;34;35;38;2;36;34;35m▄[48;2;36;34;35;38;2;36;34;35m▄[48;2;36;34;35;38;2;36;34;35m▄[48;2;36;34;35;38;2;36;34;35m▄[48;2;36;34;35;38;2;36;34;35m▄[48;2;36;34;35;38;2;36;34;35m▄[48;2;36;34;35;38;2;36;34;35m▄[48;2;36;34;35;38;2;36;34;35m▄[48;2;5;4;4;38;2;3;3;3m▄[48;2;0;0;0;38;2;0;0;0m▄[48;2;0;0;0;38;2;0;0;0m▄[48;2;0;0;0;38;2;0;0;0m▄[48;2;0;0;0;38;2;0;0;0m▄[48;2;0;0;0;38;2;0;0;0m▄[0m
	[48;2;0;0;0;38;2;0;0;0m▄[48;2;0;0;0;38;2;0;0;0m▄[48;2;0;0;0;38;2;0;0;0m▄[48;2;0;0;0;38;2;0;0;0m▄[48;2;0;0;0;38;2;0;0;0m▄[48;2;21;20;20;38;2;3;3;3m▄[48;2;36;34;35;38;2;34;32;33m▄[48;2;36;34;35;38;2;36;34;35m▄[48;2;36;34;35;38;2;36;34;35m▄[48;2;36;34;35;38;2;36;34;35m▄[48;2;36;34;35;38;2;36;34;35m▄[48;2;36;34;35;38;2;36;34;35m▄[48;2;36;34;35;38;2;36;34;35m▄[48;2;36;34;35;38;2;36;34;35m▄[48;2;36;34;35;38;2;36;34;35m▄[48;2;36;34;35;38;2;36;34;35m▄[48;2;36;34;35;38;2;32;30;31m▄[48;2;36;34;35;38;2;31;29;30m▄[48;2;36;34;35;38;2;26;25;26m▄[48;2;36;34;35;38;2;24;23;24m▄[48;2;36;34;35;38;2;23;21;22m▄[48;2;36;34;35;38;2;19;18;19m▄[48;2;36;34;35;38;2;18;18;18m▄[48;2;36;34;35;38;2;16;15;15m▄[48;2;36;34;35;38;2;14;14;14m▄[48;2;36;34;35;38;2;13;12;12m▄[48;2;36;34;35;38;2;11;10;11m▄[48;2;36;34;35;38;2;10;9;10m▄[48;2;36;34;35;38;2;8;7;8m▄[48;2;36;34;35;38;2;7;7;7m▄[48;2;36;34;35;38;2;5;5;5m▄[48;2;36;34;35;38;2;4;4;4m▄[48;2;36;34;35;38;2;4;3;4m▄[48;2;36;34;35;38;2;2;2;2m▄[48;2;36;34;35;38;2;2;1;1m▄[48;2;36;34;35;38;2;1;1;1m▄[48;2;36;34;35;38;2;1;1;1m▄[48;2;36;34;35;38;2;0;0;0m▄[48;2;36;34;35;38;2;0;0;0m▄[48;2;36;34;35;38;2;0;0;0m▄[48;2;33;31;32;38;2;0;0;0m▄[48;2;15;15;15;38;2;0;0;0m▄[48;2;0;0;0;38;2;0;0;0m▄[48;2;0;0;0;38;2;0;0;0m▄[48;2;0;0;0;38;2;0;0;0m▄[48;2;0;0;0;38;2;0;0;0m▄[48;2;0;0;0;38;2;0;0;0m▄[48;2;0;0;0;38;2;0;0;0m▄[0m
	[48;2;0;0;0;38;2;0;0;0m▄[48;2;0;0;0;38;2;0;0;0m▄[48;2;0;0;0;38;2;0;0;0m▄[48;2;0;0;0;38;2;0;0;0m▄[48;2;0;0;0;38;2;0;0;0m▄[48;2;0;0;0;38;2;0;0;0m▄[48;2;0;0;0;38;2;0;0;0m▄[48;2;1;1;1;38;2;0;0;0m▄[48;2;1;1;1;38;2;0;0;0m▄[48;2;1;1;1;38;2;0;0;0m▄[48;2;1;1;1;38;2;0;0;0m▄[48;2;0;0;0;38;2;0;0;0m▄[48;2;0;0;0;38;2;0;0;0m▄[48;2;0;0;0;38;2;0;0;0m▄[48;2;0;0;0;38;2;0;0;0m▄[48;2;0;0;0;38;2;0;0;0m▄[48;2;0;0;0;38;2;0;0;0m▄[48;2;0;0;0;38;2;0;0;0m▄[48;2;0;0;0;38;2;0;0;0m▄[48;2;0;0;0;38;2;0;0;0m▄[48;2;0;0;0;38;2;0;0;0m▄[48;2;0;0;0;38;2;0;0;0m▄[48;2;0;0;0;38;2;0;0;0m▄[48;2;0;0;0;38;2;0;0;0m▄[48;2;0;0;0;38;2;0;0;0m▄[48;2;0;0;0;38;2;0;0;0m▄[48;2;0;0;0;38;2;0;0;0m▄[48;2;0;0;0;38;2;0;0;0m▄[48;2;0;0;0;38;2;0;0;0m▄[48;2;0;0;0;38;2;0;0;0m▄[48;2;0;0;0;38;2;0;0;0m▄[48;2;0;0;0;38;2;0;0;0m▄[48;2;0;0;0;38;2;0;0;0m▄[48;2;0;0;0;38;2;0;0;0m▄[48;2;0;0;0;38;2;0;0;0m▄[48;2;0;0;0;38;2;0;0;0m▄[48;2;0;0;0;38;2;0;0;0m▄[48;2;0;0;0;38;2;0;0;0m▄[48;2;0;0;0;38;2;0;0;0m▄[48;2;0;0;0;38;2;0;0;0m▄[48;2;0;0;0;38;2;0;0;0m▄[48;2;0;0;0;38;2;0;0;0m▄[48;2;0;0;0;38;2;0;0;0m▄[48;2;0;0;0;38;2;0;0;0m▄[48;2;0;0;0;38;2;0;0;0m▄[48;2;0;0;0;38;2;0;0;0m▄[48;2;0;0;0;38;2;0;0;0m▄[48;2;0;0;0;38;2;0;0;0m▄[0m
	[48;2;0;0;0;38;2;0;0;0m▄[48;2;0;0;0;38;2;0;0;0m▄[48;2;0;0;0;38;2;0;0;0m▄[48;2;0;0;0;38;2;0;0;0m▄[48;2;0;0;0;38;2;0;0;0m▄[48;2;0;0;0;38;2;0;0;0m▄[48;2;0;0;0;38;2;0;0;0m▄[48;2;0;0;0;38;2;0;0;0m▄[48;2;0;0;0;38;2;0;0;0m▄[48;2;0;0;0;38;2;0;0;0m▄[48;2;0;0;0;38;2;0;0;0m▄[48;2;0;0;0;38;2;0;0;0m▄[48;2;0;0;0;38;2;0;0;0m▄[48;2;0;0;0;38;2;0;0;0m▄[48;2;0;0;0;38;2;0;0;0m▄[48;2;0;0;0;38;2;0;0;0m▄[48;2;0;0;0;38;2;0;0;0m▄[48;2;0;0;0;38;2;0;0;0m▄[48;2;0;0;0;38;2;0;0;0m▄[48;2;0;0;0;38;2;0;0;0m▄[48;2;0;0;0;38;2;0;0;0m▄[48;2;0;0;0;38;2;0;0;0m▄[48;2;0;0;0;38;2;0;0;0m▄[48;2;0;0;0;38;2;0;0;0m▄[48;2;0;0;0;38;2;0;0;0m▄[48;2;0;0;0;38;2;0;0;0m▄[48;2;0;0;0;38;2;0;0;0m▄[48;2;0;0;0;38;2;0;0;0m▄[48;2;0;0;0;38;2;0;0;0m▄[48;2;0;0;0;38;2;0;0;0m▄[48;2;0;0;0;38;2;0;0;0m▄[48;2;0;0;0;38;2;0;0;0m▄[48;2;0;0;0;38;2;0;0;0m▄[48;2;0;0;0;38;2;0;0;0m▄[48;2;0;0;0;38;2;0;0;0m▄[48;2;0;0;0;38;2;0;0;0m▄[48;2;0;0;0;38;2;0;0;0m▄[48;2;0;0;0;38;2;0;0;0m▄[48;2;0;0;0;38;2;0;0;0m▄[48;2;0;0;0;38;2;0;0;0m▄[48;2;0;0;0;38;2;0;0;0m▄[48;2;0;0;0;38;2;0;0;0m▄[48;2;0;0;0;38;2;0;0;0m▄[48;2;0;0;0;38;2;0;0;0m▄[48;2;0;0;0;38;2;0;0;0m▄[48;2;0;0;0;38;2;0;0;0m▄[48;2;0;0;0;38;2;0;0;0m▄[48;2;0;0;0;38;2;0;0;0m▄[0m
	[48;2;0;0;0;38;2;0;0;0m▄[48;2;0;0;0;38;2;0;0;0m▄[48;2;0;0;0;38;2;0;0;0m▄[48;2;0;0;0;38;2;0;0;0m▄[48;2;0;0;0;38;2;0;0;0m▄[48;2;0;0;0;38;2;0;0;0m▄[48;2;0;0;0;38;2;0;0;0m▄[48;2;0;0;0;38;2;0;0;0m▄[48;2;0;0;0;38;2;0;0;0m▄[48;2;0;0;0;38;2;0;0;0m▄[48;2;0;0;0;38;2;0;0;0m▄[48;2;0;0;0;38;2;0;0;0m▄[48;2;0;0;0;38;2;0;0;0m▄[48;2;0;0;0;38;2;0;0;0m▄[48;2;0;0;0;38;2;0;0;0m▄[48;2;0;0;0;38;2;0;0;0m▄[48;2;0;0;0;38;2;0;0;0m▄[48;2;0;0;0;38;2;0;0;0m▄[48;2;0;0;0;38;2;0;0;0m▄[48;2;0;0;0;38;2;0;0;0m▄[48;2;0;0;0;38;2;0;0;0m▄[48;2;0;0;0;38;2;0;0;0m▄[48;2;0;0;0;38;2;0;0;0m▄[48;2;0;0;0;38;2;0;0;0m▄[48;2;0;0;0;38;2;0;0;0m▄[48;2;0;0;0;38;2;0;0;0m▄[48;2;0;0;0;38;2;0;0;0m▄[48;2;0;0;0;38;2;0;0;0m▄[48;2;0;0;0;38;2;0;0;0m▄[48;2;0;0;0;38;2;0;0;0m▄[48;2;0;0;0;38;2;0;0;0m▄[48;2;0;0;0;38;2;0;0;0m▄[48;2;0;0;0;38;2;0;0;0m▄[48;2;0;0;0;38;2;0;0;0m▄[48;2;0;0;0;38;2;0;0;0m▄[48;2;0;0;0;38;2;0;0;0m▄[48;2;0;0;0;38;2;0;0;0m▄[48;2;0;0;0;38;2;0;0;0m▄[48;2;0;0;0;38;2;0;0;0m▄[48;2;0;0;0;38;2;0;0;0m▄[48;2;0;0;0;38;2;0;0;0m▄[48;2;0;0;0;38;2;0;0;0m▄[48;2;0;0;0;38;2;0;0;0m▄[48;2;0;0;0;38;2;0;0;0m▄[48;2;0;0;0;38;2;0;0;0m▄[48;2;0;0;0;38;2;0;0;0m▄[48;2;0;0;0;38;2;0;0;0m▄[48;2;0;0;0;38;2;0;0;0m▄[0m
	[48;2;0;0;0;38;2;0;0;0m▄[48;2;0;0;0;38;2;0;0;0m▄[48;2;0;0;0;38;2;0;0;0m▄[48;2;0;0;0;38;2;0;0;0m▄[48;2;0;0;0;38;2;0;0;0m▄[48;2;0;0;0;38;2;0;0;0m▄[48;2;0;0;0;38;2;0;0;0m▄[48;2;0;0;0;38;2;0;0;0m▄[48;2;0;0;0;38;2;0;0;0m▄[48;2;0;0;0;38;2;0;0;0m▄[48;2;0;0;0;38;2;0;0;0m▄[48;2;0;0;0;38;2;0;0;0m▄[48;2;0;0;0;38;2;0;0;0m▄[48;2;0;0;0;38;2;0;0;0m▄[48;2;0;0;0;38;2;0;0;0m▄[48;2;0;0;0;38;2;0;0;0m▄[48;2;0;0;0;38;2;0;0;0m▄[48;2;0;0;0;38;2;0;0;0m▄[48;2;0;0;0;38;2;0;0;0m▄[48;2;0;0;0;38;2;0;0;0m▄[48;2;0;0;0;38;2;0;0;0m▄[48;2;0;0;0;38;2;0;0;0m▄[48;2;0;0;0;38;2;0;0;0m▄[48;2;0;0;0;38;2;0;0;0m▄[48;2;0;0;0;38;2;0;0;0m▄[48;2;0;0;0;38;2;0;0;0m▄[48;2;0;0;0;38;2;0;0;0m▄[48;2;0;0;0;38;2;0;0;0m▄[48;2;0;0;0;38;2;0;0;0m▄[48;2;0;0;0;38;2;0;0;0m▄[48;2;0;0;0;38;2;0;0;0m▄[48;2;0;0;0;38;2;0;0;0m▄[48;2;0;0;0;38;2;0;0;0m▄[48;2;0;0;0;38;2;0;0;0m▄[48;2;0;0;0;38;2;0;0;0m▄[48;2;0;0;0;38;2;0;0;0m▄[48;2;0;0;0;38;2;0;0;0m▄[48;2;0;0;0;38;2;0;0;0m▄[48;2;0;0;0;38;2;0;0;0m▄[48;2;0;0;0;38;2;0;0;0m▄[48;2;0;0;0;38;2;0;0;0m▄[48;2;0;0;0;38;2;0;0;0m▄[48;2;0;0;0;38;2;0;0;0m▄[48;2;0;0;0;38;2;0;0;0m▄[48;2;0;0;0;38;2;0;0;0m▄[48;2;0;0;0;38;2;0;0;0m▄[48;2;0;0;0;38;2;0;0;0m▄[48;2;0;0;0;38;2;0;0;0m▄[0m


_GTK_WINDOW_OBJECT_PATH(UTF8_STRING) = "/com/example/oneterm/window/1"
_GTK_APPLICATION_OBJECT_PATH(UTF8_STRING) = "/com/example/oneterm"
_GTK_UNIQUE_BUS_NAME(UTF8_STRING) = ":1.131"
_GTK_APPLICATION_ID(UTF8_STRING) = "com.example.oneterm"
_MOTIF_WM_HINTS(_MOTIF_WM_HINTS) = 0x3, 0x1, 0x0, 0x0, 0x0
_NET_WM_WINDOW_TYPE(ATOM) = _NET_WM_WINDOW_TYPE_NORMAL
XdndAware(ATOM) = BITMAP
_NET_WM_SYNC_REQUEST_COUNTER(CARDINAL) = 6291462, 6291463
_NET_WM_USER_TIME_WINDOW(WINDOW): window id # 0x600005
WM_CLIENT_LEADER(WINDOW): window id # 0x600002
_NET_WM_PID(CARDINAL) = 73459
WM_LOCALE_NAME(STRING) = "C.UTF-8"
WM_CLIENT_MACHINE(STRING) = "heart"
WM_NORMAL_HINTS(WM_SIZE_HINTS):
		program specified minimum size: 358 by 95
WM_PROTOCOLS(ATOM): protocols  WM_DELETE_WINDOW, WM_TAKE_FOCUS, _NET_WM_PING, _NET_WM_SYNC_REQUEST
WM_CLASS(STRING) = "1term", "1term"
WM_ICON_NAME(STRING) = "me@heart:~/projects/bbox"
_NET_WM_ICON_NAME(UTF8_STRING) = "me@heart:~/projects/bbox"
WM_NAME(STRING) = "me@heart:~/projects/bbox"
_NET_WM_NAME(UTF8_STRING) = "me@heart:~/projects/bbox"
